7.066190e-06 2.838137e-09
8.895806e-06 2.816037e-09
1.119916e-05 2.794109e-09
1.409890e-05 2.772352e-09
1.774947e-05 2.750764e-09
2.234525e-05 2.729344e-09
2.813101e-05 2.708091e-09
3.541484e-05 2.687004e-09
4.458464e-05 2.666081e-09
5.612874e-05 2.645321e-09
7.066190e-05 2.624722e-09
8.895806e-05 2.604284e-09
1.119916e-04 2.584005e-09
1.409890e-04 2.563883e-09
1.774947e-04 2.543919e-09
2.234525e-04 2.524110e-09
2.813101e-04 2.504455e-09
3.541484e-04 2.484953e-09
4.458464e-04 2.465603e-09
5.612874e-04 2.446404e-09
7.066190e-04 2.427354e-09
8.895806e-04 2.408453e-09
1.119916e-03 2.389699e-09
1.409890e-03 2.371091e-09
1.774947e-03 2.352627e-09
2.234525e-03 2.334308e-09
2.813101e-03 2.316131e-09
3.541484e-03 2.298096e-09
4.458464e-03 2.280201e-09
5.612874e-03 2.262445e-09
7.066190e-03 2.244828e-09
8.895806e-03 2.227348e-09
1.119916e-02 2.210004e-09
1.409890e-02 2.192795e-09
1.774947e-02 2.175720e-09
2.234525e-02 2.158778e-09
2.813101e-02 2.141968e-09
3.541484e-02 2.125289e-09
4.458464e-02 2.108740e-09
5.612874e-02 2.092319e-09
7.066190e-02 2.076027e-09
8.895806e-02 2.059861e-09
1.119916e-01 2.043822e-09
1.409890e-01 2.027907e-09
1.774947e-01 2.012116e-09
2.234525e-01 1.996448e-09
2.813101e-01 1.980902e-09
3.541484e-01 1.965477e-09
4.458464e-01 1.950172e-09
5.612874e-01 1.934986e-09
7.066190e-01 1.919919e-09
8.895806e-01 1.904969e-09
1.119916e+00 1.890135e-09
1.409890e+00 1.875417e-09
1.774947e+00 1.860814e-09
2.234525e+00 1.846324e-09
2.813101e+00 1.831947e-09
3.541484e+00 1.817682e-09
4.458464e+00 1.803528e-09
5.612874e+00 1.789484e-09
